80
1	1	15
1	2	15
1	3	15
1	4	15
1	5	15
1	6	15
1	7	15
1	8	15
1	9	15
1	10	15
2	1	15
2	2	15
2	3	15
2	4	15
2	5	15
2	6	15
2	7	15
2	8	15
2	9	15
2	10	15
3	1	15
3	2	15
3	3	15
3	4	15
3	5	15
3	6	15
3	7	15
3	8	15
3	9	15
3	10	15
4	1	15
4	2	15
4	3	15
4	4	15
4	5	15
4	6	15
4	7	15
4	8	15
4	9	15
4	10	15
5	1	15
5	2	15
5	3	15
5	4	15
5	5	15
5	6	15
5	7	15
5	8	15
5	9	15
5	10	15
6	1	15
6	2	15
6	3	15
6	4	15
6	5	15
6	6	15
6	7	15
6	8	15
6	9	15
6	10	15
7	1	15
7	2	15
7	3	15
7	4	15
7	5	15
7	6	15
7	7	15
7	8	15
7	9	15
7	10	15
8	1	15
8	2	15
8	3	15
8	4	15
8	5	15
8	6	15
8	7	15
8	8	15
8	9	15
8	10	15
680
1	1	1	0	21759
1	2	2	21759	56646
1	3	4	56646	88291
1	4	5	88291	123126
1	5	6	123126	124853
2	1	1	172800	199078
2	2	2	199078	250184
2	3	3	250184	253469
2	4	4	253469	268347
2	5	7	268347	304672
2	6	8	304672	306267
3	1	1	199078	232549
3	2	2	250184	282260
3	3	3	282260	286367
3	4	4	286367	294464
3	5	5	294464	318831
3	6	6	318831	320962
4	1	1	232549	237966
4	2	2	282260	292794
4	3	3	292794	293472
4	4	4	294464	297531
4	5	7	304672	312160
4	6	8	312160	312489
5	1	1	259200	281326
5	2	2	292794	313998
5	3	3	313998	316713
5	4	4	316713	322066
5	5	5	322066	338174
5	6	6	338174	339583
6	1	1	281326	288163
6	2	2	313998	320550
6	3	3	320550	321389
6	4	4	322066	323720
6	5	5	338174	343152
6	6	6	343152	343588
7	1	1	288163	291901
7	2	2	320550	327818
7	3	3	327818	328286
7	4	4	328286	330402
7	5	7	330402	335568
7	6	8	335568	335795
8	1	1	291901	318905
8	2	2	327818	371115
8	3	4	371115	410388
8	4	5	410388	453621
8	5	6	453621	455764
9	1	1	432000	437335
9	2	2	437335	442447
9	3	3	442447	443102
9	4	4	443102	444393
9	5	5	453621	457505
9	6	6	457505	457845
10	1	1	437335	440790
10	2	2	442447	447986
10	3	4	447986	453011
10	4	5	457505	463036
10	5	6	463036	463311
11	1	1	440790	466926
11	2	2	466926	508831
11	3	4	508831	546841
11	4	5	546841	588684
11	5	6	588684	590758
12	1	1	518400	526101
12	2	2	526101	533481
12	3	3	533481	534426
12	4	4	546841	548704
12	5	5	588684	594291
12	6	6	594291	594782
13	1	1	526101	534403
13	2	2	534403	547714
13	3	4	548704	560778
13	4	5	594291	607583
13	5	6	607583	608242
14	1	1	534403	538455
14	2	2	547714	554210
14	3	4	560778	566671
14	4	5	607583	614070
14	5	6	614070	614392
15	1	1	691200	729990
15	2	2	729990	805430
15	3	3	805430	810279
15	4	4	810279	832241
15	5	7	832241	926853
15	6	8	926853	933618
16	1	1	729990	734224
16	2	2	805430	813664
16	3	3	813664	814194
16	4	4	832241	834639
16	5	7	926853	943679
16	6	8	943679	944418
17	1	1	777600	784888
17	2	2	813664	820648
17	3	3	820648	821543
17	4	4	834639	836402
17	5	5	836402	841708
17	6	6	841708	842172
18	1	1	864000	872632
18	2	2	872632	886473
18	3	4	886473	899027
18	4	5	899027	912847
18	5	6	912847	913532
19	1	1	872632	909240
19	2	2	909240	967936
19	3	4	967936	1021176
19	4	5	1021176	1079784
19	5	6	1079784	1082688
20	1	1	909240	1056552
20	2	2	1056552	1197726
20	3	3	1197726	1215799
20	4	4	1215799	1251434
20	5	5	1251434	1358679
20	6	6	1358679	1368057
21	1	1	1056552	1066952
21	2	2	1197726	1214401
21	3	4	1251434	1266559
21	4	5	1358679	1375329
21	5	6	1375329	1376154
22	1	1	1066952	1086608
22	2	2	1214401	1233238
22	3	3	1233238	1235650
22	4	4	1266559	1271314
22	5	5	1375329	1389639
22	6	6	1389639	1390891
23	1	1	1086608	1143808
23	2	2	1233238	1324951
23	3	4	1324951	1408139
23	4	5	1408139	1499714
23	5	6	1499714	1504252
24	1	1	1143808	1170268
24	2	2	1324951	1350309
24	3	3	1350309	1353556
24	4	4	1408139	1414540
24	5	5	1499714	1518978
24	6	6	1518978	1520663
25	1	1	1170268	1182508
25	2	2	1350309	1374114
25	3	3	1374114	1375644
25	4	4	1414540	1421470
25	5	7	1421470	1438390
25	6	8	1438390	1439133
26	1	1	1182508	1258464
26	2	2	1374114	1521838
26	3	3	1521838	1531333
26	4	4	1531333	1574338
26	5	7	1574338	1679336
26	6	8	1679336	1683944
27	1	1	1258464	1269684
27	2	2	1521838	1543660
27	3	3	1543660	1545063
27	4	4	1574338	1580691
27	5	7	1679336	1694846
27	6	8	1694846	1695527
28	1	1	1296000	1303228
28	2	2	1543660	1555250
28	3	4	1580691	1591203
28	4	5	1591203	1602775
28	5	6	1602775	1603349
29	1	1	1303228	1323288
29	2	2	1555250	1594264
29	3	3	1594264	1596772
29	4	4	1596772	1608130
29	5	7	1694846	1722576
29	6	8	1722576	1723793
30	1	1	1323288	1346532
30	2	2	1594264	1631533
30	3	4	1631533	1665338
30	4	5	1665338	1702551
30	5	6	1702551	1704395
31	1	1	1346532	1409280
31	2	2	1631533	1691667
31	3	3	1691667	1699366
31	4	4	1699366	1714545
31	5	5	1714545	1760227
31	6	6	1760227	1764222
32	1	1	1468800	1546992
32	2	2	1691667	1766601
32	3	3	1766601	1776194
32	4	4	1776194	1795109
32	5	5	1795109	1852034
32	6	6	1852034	1857012
33	1	1	1546992	1557080
33	2	2	1766601	1782776
33	3	4	1795109	1809781
33	4	5	1852034	1868185
33	5	6	1868185	1868986
34	1	1	1557080	1567324
34	2	2	1782776	1799201
34	3	4	1809781	1824680
34	4	5	1868185	1884586
34	5	6	1884586	1885399
35	1	1	1567324	1578068
35	2	2	1799201	1820097
35	3	3	1820097	1821440
35	4	4	1824680	1830763
35	5	7	1830763	1845615
35	6	8	1845615	1846267
36	1	1	1578068	1598480
36	2	2	1820097	1839659
36	3	3	1839659	1842164
36	4	4	1842164	1847102
36	5	5	1884586	1899447
36	6	6	1899447	1900747
37	1	1	1728000	1741396
37	2	2	1839659	1865713
37	3	3	1865713	1867388
37	4	4	1867388	1874973
37	5	7	1874973	1893491
37	6	8	1893491	1894304
38	1	1	1741396	1780700
38	2	2	1865713	1942154
38	3	3	1942154	1947067
38	4	4	1947067	1969320
38	5	7	1969320	2023652
38	6	8	2023652	2026037
39	1	1	1780700	1791932
39	2	2	1942154	1960163
39	3	4	1969320	1985655
39	4	5	1985655	2003637
39	5	6	2003637	2004528
40	1	1	1791932	1833012
40	2	2	1960163	2026030
40	3	4	2026030	2085774
40	4	5	2085774	2151542
40	5	6	2151542	2154801
41	1	1	1833012	1848040
41	2	2	2026030	2055258
41	3	3	2055258	2057137
41	4	4	2085774	2094283
41	5	7	2094283	2115057
41	6	8	2115057	2115969
42	1	1	1848040	1859272
42	2	2	2055258	2073267
42	3	4	2094283	2110618
42	4	5	2151542	2169524
42	5	6	2169524	2170415
43	1	1	1859272	1878712
43	2	2	2073267	2091897
43	3	3	2091897	2094282
43	4	4	2110618	2115321
43	5	5	2169524	2183677
43	6	6	2183677	2184915
44	1	1	1878712	1896316
44	2	2	2091897	2108768
44	3	3	2108768	2110928
44	4	4	2115321	2119580
44	5	5	2183677	2196493
44	6	6	2196493	2197614
45	1	1	1987200	2031536
45	2	2	2108768	2194995
45	3	3	2194995	2200537
45	4	4	2200537	2225639
45	5	7	2225639	2286927
45	6	8	2286927	2289617
46	1	1	2031536	2044864
46	2	2	2194995	2220916
46	3	3	2220916	2222582
46	4	4	2225639	2233185
46	5	7	2286927	2305351
46	6	8	2305351	2306160
47	1	1	2044864	2058800
47	2	2	2220916	2243261
47	3	4	2243261	2263529
47	4	5	2263529	2285840
47	5	6	2285840	2286946
48	1	1	2058800	2070972
48	2	2	2243261	2266934
48	3	3	2266934	2268456
48	4	4	2268456	2275348
48	5	7	2305351	2322177
48	6	8	2322177	2322916
49	1	1	2070972	2189772
49	2	2	2266934	2380784
49	3	3	2380784	2395359
49	4	4	2395359	2424097
49	5	5	2424097	2510585
49	6	6	2510585	2518148
50	1	1	2189772	2261700
50	2	2	2380784	2449715
50	3	3	2449715	2458540
50	4	4	2458540	2475940
50	5	5	2510585	2562950
50	6	6	2562950	2567529
51	1	1	2261700	2286324
51	2	2	2449715	2473313
51	3	3	2473313	2476334
51	4	4	2476334	2482291
51	5	5	2562950	2580877
51	6	6	2580877	2582445
52	1	1	2286324	2312568
52	2	2	2473313	2498464
52	3	3	2498464	2501684
52	4	4	2501684	2508033
52	5	5	2580877	2599983
52	6	6	2599983	2601654
53	1	1	2312568	2325420
53	2	2	2498464	2523460
53	3	3	2523460	2525067
53	4	4	2525067	2532344
53	5	7	2532344	2550110
53	6	8	2550110	2550890
54	1	1	2325420	2336288
54	2	2	2523460	2540886
54	3	4	2540886	2556692
54	4	5	2599983	2617383
54	5	6	2617383	2618246
55	1	1	2336288	2366548
55	2	2	2540886	2599738
55	3	3	2599738	2603521
55	4	4	2603521	2620654
55	5	7	2620654	2662484
55	6	8	2662484	2664320
56	1	1	2366548	2378560
56	2	2	2599738	2618998
56	3	4	2620654	2638124
56	4	5	2638124	2657355
56	5	6	2657355	2658308
57	1	1	2378560	2391480
57	2	2	2618998	2644126
57	3	3	2644126	2645741
57	4	4	2645741	2653056
57	5	7	2662484	2680344
57	6	8	2680344	2681128
58	1	1	2391480	2499260
58	2	2	2644126	2853743
58	3	3	2853743	2867216
58	4	4	2867216	2928239
58	5	7	2928239	3077229
58	6	8	3077229	3083768
59	1	1	2499260	2510388
59	2	2	2853743	2871586
59	3	4	2928239	2944423
59	4	5	2944423	2962239
59	5	6	2962239	2963122
60	1	1	2510388	2524860
60	2	2	2871586	2885455
60	3	3	2885455	2887231
60	4	4	2944423	2947924
60	5	5	2962239	2972775
60	6	6	2972775	2973697
61	1	1	2524860	2538692
61	2	2	2885455	2907633
61	3	4	2947924	2968041
61	4	5	2972775	2994920
61	5	6	2994920	2996018
62	1	1	2538692	2558820
62	2	2	2907633	2946779
62	3	3	2946779	2949295
62	4	4	2968041	2979437
62	5	7	3077229	3105053
62	6	8	3105053	3106274
63	1	1	2558820	2566672
63	2	2	2946779	2959369
63	3	4	2979437	2990857
63	4	5	2994920	3007491
63	5	6	3007491	3008114
64	1	1	2566672	2586652
64	2	2	2959369	2978517
64	3	3	2978517	2980969
64	4	4	2990857	2995691
64	5	5	3007491	3022037
64	6	6	3022037	3023309
65	1	1	2764800	2776032
65	2	2	2978517	2996526
65	3	4	2996526	3012861
65	4	5	3022037	3040019
65	5	6	3040019	3040910
66	1	1	2851200	2859728
66	2	2	2996526	3010200
66	3	4	3012861	3025264
66	4	5	3040019	3053672
66	5	6	3053672	3054349
67	1	1	2859728	2871480
67	2	2	3010200	3029043
67	3	4	3029043	3046135
67	4	5	3053672	3072487
67	5	6	3072487	3073420
68	1	1	2871480	2881724
68	2	2	3029043	3045468
68	3	4	3046135	3061034
68	4	5	3072487	3088888
68	5	6	3088888	3089701
69	1	1	3024000	3046032
69	2	2	3046032	3067146
69	3	3	3067146	3069849
69	4	4	3069849	3075179
69	5	5	3088888	3104928
69	6	6	3104928	3106331
70	1	1	3046032	3111480
70	2	2	3111480	3174201
70	3	3	3174201	3182231
70	4	4	3182231	3198063
70	5	5	3198063	3245710
70	6	6	3245710	3249877
71	1	1	3111480	3236544
71	2	2	3236544	3356397
71	3	3	3356397	3371741
71	4	4	3371741	3401994
71	5	5	3401994	3493042
71	6	6	3493042	3501004
72	1	1	3236544	3250220
72	2	2	3356397	3378325
72	3	4	3401994	3421884
72	4	5	3493042	3514937
72	5	6	3514937	3516022
73	1	1	3250220	3262492
73	2	2	3378325	3398002
73	3	4	3421884	3439732
73	4	5	3514937	3534584
73	5	6	3534584	3535558
74	1	1	3262492	3280096
74	2	2	3398002	3414873
74	3	3	3414873	3417033
74	4	4	3439732	3443991
74	5	5	3534584	3547400
74	6	6	3547400	3548521
75	1	1	3280096	3293016
75	2	2	3414873	3440001
75	3	3	3440001	3441616
75	4	4	3443991	3451306
75	5	7	3451306	3469166
75	6	8	3469166	3469950
76	1	1	3293016	3312240
76	2	2	3440001	3458424
76	3	3	3458424	3460783
76	4	4	3460783	3465434
76	5	5	3547400	3561396
76	6	6	3561396	3562620
77	1	1	3312240	3322588
77	2	2	3458424	3475016
77	3	4	3475016	3490066
77	4	5	3561396	3577963
77	5	6	3577963	3578784
78	1	1	3322588	3342460
78	2	2	3475016	3494060
78	3	3	3494060	3496498
78	4	4	3496498	3501305
78	5	5	3577963	3592430
78	6	6	3592430	3593695
79	1	1	3342460	3351248
79	2	2	3494060	3508151
79	3	4	3508151	3520932
79	4	5	3592430	3606500
79	5	6	3606500	3607198
80	1	1	3351248	3367160
80	2	2	3508151	3539098
80	3	3	3539098	3541087
80	4	4	3541087	3550096
80	5	7	3550096	3572092
80	6	8	3572092	3573058
81	1	1	3367160	3388544
81	2	2	3539098	3559591
81	3	3	3559591	3562215
81	4	4	3562215	3567388
81	5	5	3606500	3622068
81	6	6	3622068	3623430
82	1	1	3456000	3524816
82	2	2	3559591	3693428
82	3	3	3693428	3702030
82	4	4	3702030	3740992
82	5	7	3740992	3836120
82	6	8	3836120	3840295
83	1	1	3542400	3607612
83	2	2	3693428	3820256
83	3	3	3820256	3828408
83	4	4	3828408	3865330
83	5	7	3865330	3955476
83	6	8	3955476	3959432
84	1	1	3607612	3620192
84	2	2	3820256	3844723
84	3	3	3844723	3846296
84	4	4	3865330	3872453
84	5	7	3955476	3972866
84	6	8	3972866	3973630
85	1	1	3620192	3686288
85	2	2	3844723	3908065
85	3	3	3908065	3916174
85	4	4	3916174	3932163
85	5	5	3932163	3980282
85	6	6	3980282	3984490
86	1	1	3715200	3726760
86	2	2	3908065	3930548
86	3	3	3930548	3931993
86	4	4	3932163	3938708
86	5	7	3972866	3988846
86	6	8	3988846	3989548
87	1	1	3726760	3754192
87	2	2	3930548	3956837
87	3	3	3956837	3960203
87	4	4	3960203	3966839
87	5	5	3980282	4000253
87	6	6	4000253	4002000
88	1	1	3801600	3812208
88	2	2	3956837	3973846
88	3	4	3973846	3989274
88	4	5	4000253	4017236
88	5	6	4017236	4018078
89	1	1	3812208	3822868
89	2	2	3973846	3990938
89	3	4	3990938	4006442
89	4	5	4017236	4034303
89	5	6	4034303	4035149
90	1	1	3822868	3849220
90	2	2	3990938	4016192
90	3	3	4016192	4019425
90	4	4	4019425	4025800
90	5	5	4034303	4053488
90	6	6	4053488	4055166
91	1	1	3849220	3865132
91	2	2	4016192	4047139
91	3	3	4047139	4049128
91	4	4	4049128	4058137
91	5	7	4058137	4080133
91	6	8	4080133	4081099
92	1	1	3865132	3880704
92	2	2	4047139	4077425
92	3	3	4077425	4079372
92	4	4	4079372	4088189
92	5	7	4088189	4109715
92	6	8	4109715	4110660
93	1	1	3880704	3976176
93	2	2	4077425	4263104
93	3	3	4263104	4275038
93	4	4	4275038	4329092
93	5	7	4329092	4461068
93	6	8	4461068	4466860
94	1	1	3976176	3997560
94	2	2	4263104	4283597
94	3	3	4283597	4286221
94	4	4	4329092	4334265
94	5	5	4334265	4349833
94	6	6	4349833	4351195
95	1	1	3997560	4062508
95	2	2	4283597	4387733
95	3	4	4387733	4482189
95	4	5	4482189	4586169
95	5	6	4586169	4591322
96	1	1	4062508	4073252
96	2	2	4387733	4408629
96	3	3	4408629	4409972
96	4	4	4482189	4488272
96	5	7	4488272	4503124
96	6	8	4503124	4503776
97	1	1	4073252	4083080
97	2	2	4408629	4424387
97	3	4	4488272	4502566
97	4	5	4586169	4601904
97	5	6	4601904	4602684
98	1	1	4083080	4096068
98	2	2	4424387	4449647
98	3	3	4449647	4451271
98	4	4	4502566	4509920
98	5	7	4509920	4527874
98	6	8	4527874	4528662
99	1	1	4096068	4111980
99	2	2	4449647	4480594
99	3	3	4480594	4482583
99	4	4	4509920	4518929
99	5	7	4527874	4549870
99	6	8	4549870	4550836
100	1	1	4111980	4186100
100	2	2	4480594	4624747
100	3	3	4624747	4634012
100	4	4	4634012	4675977
100	5	7	4675977	4778437
100	6	8	4778437	4782934
101	1	1	4186100	4196604
101	2	2	4624747	4641589
101	3	4	4675977	4691254
101	4	5	4691254	4708071
101	5	6	4708071	4708905
102	1	1	4196604	4211700
102	2	2	4641589	4670949
102	3	3	4670949	4672836
102	4	4	4691254	4699801
102	5	7	4778437	4799305
102	6	8	4799305	4800221
103	1	1	4211700	4366248
103	2	2	4670949	4819058
103	3	3	4819058	4838019
103	4	4	4838019	4875404
103	5	5	4875404	4987917
103	6	6	4987917	4997756
104	1	1	4366248	4420716
104	2	2	4819058	4924991
104	3	3	4924991	4931800
104	4	4	4931800	4962639
104	5	7	4962639	5037933
104	6	8	5037933	5041238
105	1	1	4420716	4443720
105	2	2	4924991	4947037
105	3	3	4947037	4949860
105	4	4	4962639	4968204
105	5	5	4987917	5004665
105	6	6	5004665	5006130
106	1	1	4443720	4509204
106	2	2	4947037	5074394
106	3	3	5074394	5082580
106	4	4	5082580	5119656
106	5	7	5119656	5210178
106	6	8	5210178	5214151
107	1	1	4509204	4581536
107	2	2	5074394	5190369
107	3	4	5190369	5295564
107	4	5	5295564	5411365
107	5	6	5411365	5417103
108	1	1	4581536	4595476
108	2	2	5190369	5217481
108	3	3	5217481	5219224
108	4	4	5295564	5303457
108	5	7	5303457	5322727
108	6	8	5322727	5323573
109	1	1	4595476	4633708
109	2	2	5217481	5254120
109	3	3	5254120	5258811
109	4	4	5303457	5312706
109	5	5	5411365	5439199
109	6	6	5439199	5441633
110	1	1	4633708	4657036
110	2	2	5254120	5276476
110	3	3	5276476	5279338
110	4	4	5312706	5318349
110	5	5	5439199	5456182
110	6	6	5456182	5457667
111	1	1	4657036	4722112
111	2	2	5276476	5403040
111	3	3	5403040	5411175
111	4	4	5411175	5448020
111	5	7	5448020	5537978
111	6	8	5537978	5541926
112	1	1	4722112	4731212
112	2	2	5403040	5417631
112	3	4	5448020	5461255
112	4	5	5461255	5475824
112	5	6	5475824	5476546
113	1	1	4731212	4743316
113	2	2	5417631	5441172
113	3	3	5441172	5442685
113	4	4	5461255	5468108
113	5	7	5537978	5554710
113	6	8	5554710	5555445
114	1	1	4743316	4757936
114	2	2	5441172	5469606
114	3	3	5469606	5471434
114	4	4	5471434	5479712
114	5	7	5554710	5574920
114	6	8	5574920	5575807
115	1	1	4757936	4779860
115	2	2	5469606	5490617
115	3	3	5490617	5493307
115	4	4	5493307	5498611
115	5	5	5498611	5514572
115	6	6	5514572	5515968
116	1	1	4779860	4796996
116	2	2	5490617	5523944
116	3	3	5523944	5526086
116	4	4	5526086	5535788
116	5	7	5574920	5598608
116	6	8	5598608	5599648
117	1	1	4838400	4849372
117	2	2	5523944	5541537
117	3	4	5541537	5557494
117	4	5	5557494	5575060
117	5	6	5575060	5575931
118	1	1	4849372	4860292
118	2	2	5541537	5559046
118	3	4	5559046	5574928
118	4	5	5575060	5592543
118	5	6	5592543	5593410
119	1	1	4860292	4908096
119	2	2	5559046	5652018
119	3	3	5652018	5657994
119	4	4	5657994	5685060
119	5	7	5685060	5751142
119	6	8	5751142	5754042
120	1	1	4924800	5063040
120	2	2	5652018	5784498
120	3	3	5784498	5801458
120	4	4	5801458	5834898
120	5	5	5834898	5935538
120	6	6	5935538	5944338
