100
1	1	15
1	2	15
1	3	15
1	4	15
1	5	15
1	6	15
1	7	15
1	8	15
1	9	15
1	10	15
2	1	15
2	2	15
2	3	15
2	4	15
2	5	15
2	6	15
2	7	15
2	8	15
2	9	15
2	10	15
3	1	15
3	2	15
3	3	15
3	4	15
3	5	15
3	6	15
3	7	15
3	8	15
3	9	15
3	10	15
4	1	15
4	2	15
4	3	15
4	4	15
4	5	15
4	6	15
4	7	15
4	8	15
4	9	15
4	10	15
5	1	15
5	2	15
5	3	15
5	4	15
5	5	15
5	6	15
5	7	15
5	8	15
5	9	15
5	10	15
6	1	15
6	2	15
6	3	15
6	4	15
6	5	15
6	6	15
6	7	15
6	8	15
6	9	15
6	10	15
7	1	15
7	2	15
7	3	15
7	4	15
7	5	15
7	6	15
7	7	15
7	8	15
7	9	15
7	10	15
8	1	15
8	2	15
8	3	15
8	4	15
8	5	15
8	6	15
8	7	15
8	8	15
8	9	15
8	10	15
9	1	15
9	2	15
9	3	15
9	4	15
9	5	15
9	6	15
9	7	15
9	8	15
9	9	15
9	10	15
10	1	15
10	2	15
10	3	15
10	4	15
10	5	15
10	6	15
10	7	15
10	8	15
10	9	15
10	10	15
500
1	1	1	0	54736
1	2	2	54736	112747
1	3	3	112747	142688
1	4	4	142688	208769
1	5	5	208769	210114
2	1	6	0	814
2	2	7	814	22586
2	3	8	22586	46536
2	4	9	46536	48425
2	5	10	48425	53978
3	1	1	54736	85457
3	2	2	112747	161714
3	3	3	161714	192396
3	4	4	208769	246734
3	5	5	246734	248400
4	1	6	86400	92146
4	2	7	92146	245962
4	3	8	245962	415166
4	4	9	415166	428507
4	5	10	428507	467737
5	1	1	85457	93008
5	2	2	161714	173750
5	3	3	192396	199938
5	4	4	246734	256066
5	5	5	256066	256476
6	1	1	93008	103490
6	2	2	173750	190457
6	3	3	199938	210407
6	4	4	256066	269020
6	5	5	269020	269589
7	1	6	345600	348831
7	2	7	348831	435308
7	3	8	435308	530437
7	4	9	530437	537938
7	5	10	537938	559994
8	1	1	432000	440831
8	2	2	440831	450191
8	3	3	450191	455022
8	4	4	455022	465684
8	5	5	465684	465901
9	1	1	440831	446624
9	2	2	450191	459424
9	3	3	459424	465210
9	4	4	465684	472843
9	5	5	472843	473158
10	1	1	518400	566014
10	2	2	566014	616477
10	3	3	616477	642523
10	4	4	642523	700006
10	5	5	700006	701176
11	1	1	566014	574520
11	2	2	616477	625492
11	3	3	642523	647176
11	4	4	700006	710275
11	5	5	710275	710484
12	1	1	574520	599862
12	2	2	625492	665886
12	3	3	665886	691196
12	4	4	710275	741593
12	5	5	741593	742968
13	1	1	599862	607554
13	2	2	665886	674038
13	3	3	691196	695404
13	4	4	741593	750879
13	5	5	750879	751068
14	1	1	607554	616263
14	2	2	674038	683268
14	3	3	695404	700168
14	4	4	750879	761393
14	5	5	761393	761607
15	1	6	348831	351169
15	2	7	435308	497888
15	3	8	530437	599277
15	4	9	599277	604705
15	5	10	604705	620666
16	1	6	691200	691904
16	2	7	691904	710739
16	3	8	710739	731458
16	4	9	731458	733092
16	5	10	733092	737896
17	1	1	616263	623090
17	2	2	683268	694150
17	3	3	700168	706987
17	4	4	761393	769830
17	5	5	769830	770201
18	1	1	691200	738163
18	2	2	738163	787936
18	3	3	787936	813626
18	4	4	813626	882178
18	5	5	882178	885496
19	1	1	738163	786998
19	2	2	787936	839693
19	3	3	839693	870918
19	4	4	882178	1051678
19	5	5	1051678	1055128
20	1	1	786998	795135
20	2	2	839693	852663
20	3	3	870918	894282
20	4	4	1051678	1080588
20	5	5	1080588	1081857
21	1	1	795135	803153
21	2	2	852663	861160
21	3	3	894282	906890
21	4	4	1080588	1108415
21	5	5	1108415	1108982
22	1	1	803153	848872
22	2	2	861160	1065343
22	3	3	1065343	1196617
22	4	4	1196617	1359052
22	5	5	1359052	1366180
23	1	1	950400	967599
23	2	2	1065343	1083571
23	3	3	1196617	1206025
23	4	4	1359052	1379816
23	5	5	1379816	1380239
24	1	1	967599	993075
24	2	2	1083571	1124177
24	3	3	1206025	1231468
24	4	4	1379816	1411299
24	5	5	1411299	1412681
25	1	6	950400	952380
25	2	7	952380	1005365
25	3	8	1005365	1063651
25	4	9	1063651	1068247
25	5	10	1068247	1081761
26	1	6	952380	955034
26	2	7	1005365	1076400
26	3	8	1076400	1154541
26	4	9	1154541	1160702
26	5	10	1160702	1178819
27	1	6	955034	964191
27	2	7	1076400	1321528
27	3	8	1321528	1591179
27	4	9	1591179	1612440
27	5	10	1612440	1674959
28	1	1	993075	1051224
28	2	2	1124177	1185805
28	3	3	1231468	1263276
28	4	4	1411299	1481501
28	5	5	1481501	1482930
29	1	6	1036800	1038780
29	2	7	1321528	1374513
29	3	8	1591179	1649465
29	4	9	1649465	1654061
29	5	10	1674959	1688473
30	1	1	1051224	1110192
30	2	2	1185805	1248301
30	3	3	1263276	1295532
30	4	4	1481501	1552691
30	5	5	1552691	1554140
31	1	1	1209600	1223676
31	2	2	1248301	1270737
31	3	3	1295532	1309590
31	4	4	1552691	1570086
31	5	5	1570086	1570850
32	1	1	1223676	1330930
32	2	2	1330930	1501886
32	3	3	1501886	1609004
32	4	4	1609004	1741549
32	5	5	1741549	1747365
33	1	1	1382400	1419138
33	2	2	1501886	1540822
33	3	3	1609004	1629100
33	4	4	1741549	1785902
33	5	5	1785902	1786805
34	1	1	1419138	1439964
34	2	2	1540822	1562894
34	3	3	1629100	1640492
34	4	4	1785902	1811045
34	5	5	1811045	1811557
35	1	6	1209600	1211873
35	2	7	1374513	1435359
35	3	8	1649465	1716398
35	4	9	1716398	1721676
35	5	10	1721676	1737195
36	1	1	1439964	1457510
36	2	2	1562894	1590860
36	3	3	1640492	1658015
36	4	4	1811045	1832728
36	5	5	1832728	1833680
37	1	6	1641600	1644047
37	2	7	1644047	1709551
37	3	8	1716398	1788455
37	4	9	1788455	1794137
37	5	10	1794137	1810844
38	1	6	1644047	1646125
38	2	7	1709551	1765156
38	3	8	1788455	1849623
38	4	9	1849623	1854446
38	5	10	1854446	1868628
39	1	1	1457510	1479389
39	2	2	1590860	1614048
39	3	3	1658015	1669983
39	4	4	1832728	1859142
39	5	5	1859142	1859680
40	1	1	1814400	1838385
40	2	2	1838385	1863805
40	3	3	1863805	1876925
40	4	4	1876925	1905882
40	5	5	1905882	1906472
41	1	6	1900800	1903280
41	2	7	1903280	1969657
41	3	8	1969657	2042674
41	4	9	2042674	2048431
41	5	10	2048431	2065360
42	1	1	1900800	1927125
42	2	2	1927125	1955025
42	3	3	1955025	1969425
42	4	4	1969425	2001207
42	5	5	2001207	2001854
43	1	1	1927125	2080373
43	2	2	2080373	2324641
43	3	3	2324641	2477695
43	4	4	2477695	2667080
43	5	5	2667080	2675390
44	1	1	2080373	2098513
44	2	2	2324641	2353555
44	3	3	2477695	2495812
44	4	4	2667080	2689498
44	5	5	2689498	2690482
45	1	6	1903280	1916298
45	2	7	1969657	2318134
45	3	8	2318134	2701474
45	4	9	2701474	2731699
45	5	10	2731699	2820577
46	1	6	1916298	1918038
46	2	7	2318134	2364714
46	3	8	2701474	2752714
46	4	9	2752714	2756754
46	5	10	2820577	2832457
47	1	1	2098513	2157013
47	2	2	2353555	2415555
47	3	3	2495812	2527812
47	4	4	2689498	2760123
47	5	5	2760123	2761561
48	1	6	2160000	2161751
48	2	7	2364714	2411586
48	3	8	2752714	2804275
48	4	9	2804275	2808341
48	5	10	2832457	2844412
49	1	1	2157013	2169503
49	2	2	2415555	2435463
49	3	3	2527812	2540286
49	4	4	2760123	2775558
49	5	5	2775558	2776236
50	1	1	2169503	2223824
50	2	2	2435463	2522047
50	3	3	2540286	2594538
50	4	4	2775558	2842688
50	5	5	2842688	2845634
51	1	1	2223824	2247416
51	2	2	2522047	2559651
51	3	3	2594538	2618100
51	4	4	2842688	2871843
51	5	5	2871843	2873123
52	1	1	2247416	2266548
52	2	2	2559651	2590145
52	3	3	2618100	2637207
52	4	4	2871843	2895486
52	5	5	2895486	2896524
53	1	6	2161751	2163665
53	2	7	2411586	2462824
53	3	8	2804275	2860639
53	4	9	2860639	2865083
53	5	10	2865083	2878151
54	1	1	2419200	2440260
54	2	2	2590145	2612465
54	3	3	2637207	2648727
54	4	4	2895486	2920911
54	5	5	2920911	2921429
55	1	6	2505600	2514594
55	2	7	2514594	2755355
55	3	8	2860639	3125486
55	4	9	3125486	3146368
55	5	10	3146368	3207773
56	1	1	2440260	2470095
56	2	2	2612465	2644085
56	3	3	2648727	2665047
56	4	4	2920911	2956930
56	5	5	2956930	2957664
57	1	6	2514594	2525361
57	2	7	2755355	3043569
57	3	8	3125486	3442534
57	4	9	3442534	3467532
57	5	10	3467532	3541040
58	1	6	2525361	2527602
58	2	7	3043569	3103541
58	3	8	3442534	3508506
58	4	9	3508506	3513708
58	5	10	3541040	3556336
59	1	1	2678400	2698290
59	2	2	2698290	2719370
59	3	3	2719370	2730250
59	4	4	2956930	2980943
59	5	5	2980943	2981432
60	1	1	2698290	2720098
60	2	2	2720098	2754858
60	3	3	2754858	2776638
60	4	4	2980943	3007893
60	5	5	3007893	3009076
61	1	1	2720098	2891737
61	2	2	2891737	3073645
61	3	3	3073645	3167533
61	4	4	3167533	3374747
61	5	5	3374747	3378965
62	1	6	2527602	2529701
62	2	7	3103541	3159729
62	3	8	3508506	3570315
62	4	9	3570315	3575189
62	5	10	3575189	3589520
63	1	1	2891737	2955151
63	2	2	3073645	3140853
63	3	3	3167533	3202221
63	4	4	3374747	3451305
63	5	5	3451305	3452864
64	1	1	2955151	3001839
64	2	2	3140853	3215271
64	3	3	3215271	3261900
64	4	4	3451305	3509003
64	5	5	3509003	3511535
65	1	1	3001839	3024186
65	2	2	3215271	3238955
65	3	3	3261900	3274124
65	4	4	3509003	3535982
65	5	5	3535982	3536532
66	1	1	3024186	3106086
66	2	2	3238955	3325755
66	3	3	3325755	3370555
66	4	4	3535982	3634857
66	5	5	3634857	3636870
67	1	1	3106086	3129720
67	2	2	3325755	3350803
67	3	3	3370555	3383483
67	4	4	3634857	3663390
67	5	5	3663390	3663971
68	1	1	3129720	3151716
68	2	2	3350803	3374115
68	3	3	3383483	3395515
68	4	4	3663390	3689945
68	5	5	3689945	3690486
69	1	1	3151716	3296736
69	2	2	3374115	3605269
69	3	3	3605269	3750106
69	4	4	3750106	3929324
69	5	5	3929324	3937188
70	1	1	3296736	3432439
70	2	2	3605269	3821571
70	3	3	3821571	3957102
70	4	4	3957102	4124805
70	5	5	4124805	4132164
71	1	1	3432439	3514812
71	2	2	3821571	3952869
71	3	3	3957102	4039371
71	4	4	4124805	4226603
71	5	5	4226603	4231070
72	1	1	3514812	3564420
72	2	2	3952869	4005445
72	3	3	4039371	4066507
72	4	4	4226603	4286493
72	5	5	4286493	4287712
73	1	1	3564420	3587118
73	2	2	4005445	4029501
73	3	3	4066507	4078923
73	4	4	4286493	4313896
73	5	5	4313896	4314454
74	1	1	3587118	3736500
74	2	2	4029501	4267607
74	3	3	4267607	4416800
74	4	4	4416800	4601408
74	5	5	4601408	4609509
75	1	6	3283200	3295098
75	2	7	3295098	3613589
75	3	8	3613589	3963943
75	4	9	3963943	3991567
75	5	10	3991567	4072797
76	1	1	3736500	3770798
76	2	2	4267607	4322275
76	3	3	4416800	4451054
76	4	4	4601408	4643793
76	5	5	4643793	4645653
77	1	1	3770798	3792209
77	2	2	4322275	4344967
77	3	3	4451054	4462766
77	4	4	4643793	4669642
77	5	5	4669642	4670169
78	1	1	3792209	3914827
78	2	2	4344967	4540413
78	3	3	4540413	4662876
78	4	4	4669642	4821175
78	5	5	4821175	4827824
79	1	1	3914827	3978358
79	2	2	4540413	4607745
79	3	3	4662876	4697628
79	4	4	4821175	4897874
79	5	5	4897874	4899436
80	1	6	3369600	3372602
80	2	7	3613589	3693940
80	3	8	3963943	4052332
80	4	9	4052332	4059301
80	5	10	4072797	4093290
81	1	1	3978358	4000562
81	2	2	4607745	4643137
81	3	3	4697628	4719804
81	4	4	4897874	4925314
81	5	5	4925314	4926518
82	1	6	3372602	3375332
82	2	7	3693940	3767013
82	3	8	4052332	4132715
82	4	9	4132715	4139053
82	5	10	4139053	4157690
83	1	6	3375332	3377138
83	2	7	3767013	3815340
83	3	8	4132715	4185877
83	4	9	4185877	4190069
83	5	10	4190069	4202395
84	1	6	3377138	3379259
84	2	7	3815340	3872110
84	3	8	4185877	4248326
84	4	9	4248326	4253250
84	5	10	4253250	4267729
85	1	1	4000562	4020883
85	2	2	4643137	4675527
85	3	3	4719804	4740099
85	4	4	4925314	4950427
85	5	5	4950427	4951529
86	1	6	3456000	3458349
86	2	7	3872110	3934993
86	3	8	4248326	4317500
86	4	9	4317500	4322954
86	5	10	4322954	4338992
87	1	1	4020883	4039023
87	2	2	4675527	4704441
87	3	3	4740099	4758216
87	4	4	4950427	4972845
87	5	5	4972845	4973829
88	1	1	4039023	4065114
88	2	2	4704441	4732093
88	3	3	4758216	4772488
88	4	4	4972845	5004344
88	5	5	5004344	5004986
89	1	1	4065114	4207620
89	2	2	4732093	4883125
89	3	3	4883125	4961077
89	4	4	5004344	5176387
89	5	5	5176387	5179889
90	1	1	4207620	4342926
90	2	2	4883125	5098795
90	3	3	5098795	5233930
90	4	4	5233930	5401143
90	5	5	5401143	5408480
91	1	6	3801600	3805363
91	2	7	3934993	4035723
91	3	8	4317500	4428307
91	4	9	4428307	4437044
91	5	10	4437044	4462735
92	1	6	3805363	3807571
92	2	7	4035723	4094822
92	3	8	4428307	4493318
92	4	9	4493318	4498444
92	5	10	4498444	4513517
93	1	6	3807571	3821154
93	2	7	4094822	4458438
93	3	8	4493318	4893311
93	4	9	4893311	4924849
93	5	10	4924849	5017588
94	1	1	4342926	4419054
94	2	2	5098795	5220139
94	3	3	5233930	5309962
94	4	4	5401143	5495223
94	5	5	5495223	5499351
95	1	1	4419054	4441284
95	2	2	5220139	5243699
95	3	3	5309962	5322122
95	4	4	5495223	5522061
95	5	5	5522061	5522608
96	1	6	3821154	3823471
96	2	7	4458438	4520448
96	3	8	4893311	4961525
96	4	9	4961525	4966904
96	5	10	5017588	5033404
97	1	1	4441284	4466205
97	2	2	5243699	5270111
97	3	3	5322122	5335754
97	4	4	5522061	5552148
97	5	5	5552148	5552761
98	1	6	3974400	3976151
98	2	7	4520448	4567320
98	3	8	4961525	5013086
98	4	9	5013086	5017152
98	5	10	5033404	5045359
99	1	6	3976151	3978729
99	2	7	4567320	4636317
99	3	8	5013086	5088986
99	4	9	5088986	5094971
99	5	10	5094971	5112569
100	1	6	3978729	3994814
100	2	7	4636317	5066891
100	3	8	5088986	5562636
100	4	9	5562636	5599981
100	5	10	5599981	5709797
